Pdb	SD	total.energy	Backbone.Hbond	Sidechain.Hbond	Van.der.Waals	Electrostatics	Solvation.Polar	Solvation.Hydrophobic	Van.der.Waals.clashes	entropy.sidechain	entropy.mainchain	sloop_entropy	mloop_entropy	cis_bond	torsional.clash	backbone.clash	helix.dipole	water.bridge	disulfide	electrostatic.kon	partial.covalent.bonds	energy.Ionisation	Entropy.Complex	protChange	gene	classificationVKGL
AF-P13569-F1-model_v4_Repair_1	0	1.48945	0.142343	-0.0949825	-0.635607	0.00346143	0.50875	-0.517548	-0.294765	0.8287	0.24153	0	0	0	-0.056636	-0.108539	1.23102	0	0	0	0	0.133182	0	DA1377H	CFTR	VUS
AF-P13569-F1-model_v4_Repair_1	0	2.09389	0.251215	0.219272	-0.134448	0.887927	-0.879243	-0.110295	0.123936	0.499204	0.250373	0	0	0	0.00286452	0.0159502	0.983085	0	0	0	0	0	0	DA651N	CFTR	VUS
AF-P13569-F1-model_v4_Repair_1	0	1.49509	-0.00696778	1.65717	-0.0209527	0.790439	-0.451308	-0.227261	0.00585407	0.152845	0.0912	0	0	0	0.0142371	0.0264681	-0.510171	0	0	0	0	0	0	EA1433K	CFTR	VUS
AF-P13569-F1-model_v4_Repair_1	0	1.60317	0.112705	-0.00300041	1.18466	-0.0166988	-0.644912	1.69629	-0.0221382	-0.3754	-0.347826	0	0	0	0.0341521	-0.44091	-0.0146577	0	0	0	0	0	0	FA191V	CFTR	VUS
AF-P13569-F1-model_v4_Repair_1	0	4.62451	0.720016	-0.666909	-1.31092	-0.355542	1.93774	-1.72648	3.41535	0.935431	1.50017	0	0	0	0.203312	0.103761	-0.0276631	0	0	0	0	0	0	GA628R	CFTR	VUS
AF-P13569-F1-model_v4_Repair_1	0	1.57709	0.602622	0.685222	-0.349361	0.0785531	0.327988	-0.409919	0.0261424	0.763994	-0.266	0	0	0	0.0948219	0.117245	0.185371	0	0	0	0	-0.16234	0	HA1054R	CFTR	VUS
AF-P13569-F1-model_v4_Repair_1	0	3.33445	-0.29932	-0.438748	0.840492	0	0.858097	2.62977	-0.0271348	-0.286253	0.223357	0	0	0	-0.16581	-0.302581	0	0	0	0	0	0	0	IA1015N	CFTR	VUS
AF-P13569-F1-model_v4_Repair_1	0	2.8081	-0.317936	-0.440239	1.12249	0	0.386025	2.70575	-0.00161091	-0.597319	0.0302231	0	0	0	-0.0792918	-0.27574	0	0	0	0	0	0	0	IA1328T	CFTR	VUS
AF-P13569-F1-model_v4_Repair_1	0	3.04206	-0.389388	-0.590929	1.29458	0	-0.0338641	2.93205	-0.000945811	-0.576055	-0.0456	0	0	0	0.452206	-0.243069	0	0	0	0	0	0	0	IA1366T	CFTR	VUS
AF-P13569-F1-model_v4_Repair_1	0	1.74329	-0.681896	-0.810974	0.634656	-0.0341775	0.555157	1.54738	-0.081682	0.382468	0.0757693	0	0	0	0.156874	0.259047	-0.000284717	0	0	0	0	0	0	LA183I	CFTR	VUS
AF-P13569-F1-model_v4_Repair_1	0	2.94075	-0.0648747	0	-0.465914	0.0554993	0.332674	-0.197612	2.62224	-0.164684	0.33683	0	0	0	0.482515	0.102847	0.0062833	0	0	0	0	-0.00220267	0	LA467F	CFTR	VUS
AF-P13569-F1-model_v4_Repair_1	0	5.41033	1.21483	5.68434e-14	1.12582	0	-0.49641	2.21609	3.54918	-0.95217	-1.2676	0	0	0	0.0205908	-2.53333	0	0	0	0	0	0	0	LA941P	CFTR	VUS
AF-P13569-F1-model_v4_Repair_1	0	2.88827	-0.55034	-0.641093	1.44841	0.0737711	-0.790068	2.89752	0.174715	-0.35962	-0.118602	0	0	0	0.753575	-0.124409	-7.81597e-14	0	0	0	0	0	0	LA967S	CFTR	VUS
AF-P13569-F1-model_v4_Repair_1	0	6.05626	-0.0123948	0.319331	-0.0255629	-0.427594	-0.409728	0.312705	6.12834	-0.298725	0.291187	0	0	0	0.161421	-0.0697861	0.0172824	0	0	0	0	0	0	LA997F	CFTR	VUS
AF-P13569-F1-model_v4_Repair_1	0	1.57333	0.102276	0.00990309	0.863703	-0.0251393	-0.170528	1.29481	0.144519	-0.877828	-0.0836	0	0	0	0.3125	-0.0709654	0.00271784	0	0	0	0	0	0	MA1137V	CFTR	VUS
AF-P13569-F1-model_v4_Repair_1	0	3.13673	0.297914	-1.39102	1.54157	0.172498	0.0156253	2.75574	0.0946194	-0.948387	0.0628014	0	0	0	0.514759	0.161078	0.0211781	0	0	0	0	-0.000576179	0	MA1407T	CFTR	VUS
AF-P13569-F1-model_v4_Repair_1	0	2.60128	0.0320805	0	1.21628	0	0.00415517	2.2048	0.199554	-0.919494	-0.0836	0	0	0	-0.0524938	-0.0118187	0	0	0	0	0	0	0	MA156V	CFTR	VUS
AF-P13569-F1-model_v4_Repair_1	0	3.3028	-0.0665067	0	0.451508	-0.00224941	0.205793	0.549036	2.71858	-0.352042	-0.3116	0	0	0	0.101981	0.178107	0	0	0	0	0	0.00829287	0	MA952I	CFTR	VUS
AF-P13569-F1-model_v4_Repair_1	0	3.23486	-0.232444	-0.349015	-0.441008	-0.00942685	1.77616	0.0764545	1.31567	0.262549	0.824977	0	0	0	0.0109464	0.117547	0	0	0	0	0	0	0	PA477T	CFTR	VUS
AF-P13569-F1-model_v4_Repair_1	0	3.98497	2.12177	0.860073	2.78108	-0.013357	-2.8174	3.24575	-0.0592963	-1.56884	-0.620737	0	0	0	0.0447228	-0.4313	0.0114407	0	0	0	0	-0.000237719	0	RA1358S	CFTR	VUS
AF-P13569-F1-model_v4_Repair_1	0	4.52623	0.55611	0.605493	-1.74142	0	0.774013	-3.81176	7.64998	0.447027	-0.0255314	0	0	0	0.0723245	0.233221	0	0	0	0	0	0	0	SA489L	CFTR	VUS
AF-P13569-F1-model_v4_Repair_1	0	1.53775	0.0401981	0	0.738902	0	-0.232076	1.41934	-0.00321885	-0.39586	-0.0158084	0	0	0	5.00385e-05	-0.133685	-0.0137747	0	0	0	0	0	0	YA1014C	CFTR	VUS
AF-P40692-F1-model_v4_Repair_1	0	1.51421	-0.106467	-1.71851	-0.150567	0.444546	1.02616	0.554006	0.885657	0.335759	0.212492	0	0	0	0.0741722	0.0343495	-0.0430359	0	0	0	0	0	0	AA29S	MLH1	VUS
AF-P40692-F1-model_v4_Repair_1	0	2.25355	0.0445639	0	0.65192	0	-0.258269	1.33705	-0.0027226	0.0097801	0.4712	0	0	0	3.19858e-05	-0.141519	0	0	0	0	0	0	0	AA31G	MLH1	VUS
AF-P40692-F1-model_v4_Repair_1	0	5.37973	0.116013	0	2.19808	-0.0459872	0.106478	4.31866	-0.0212694	-0.669586	-0.53412	0	0	0	-0.0885442	-0.42308	0	0	0	0	0	0	0	FA626S	MLH1	VUS
AF-P40692-F1-model_v4_Repair_1	0	12.1017	0.0691312	0.106631	-1.48967	-0.00220156	1.58066	-1.82583	10.8212	0.761612	1.83869	0	0	0	0.241496	0.365642	0	0	0	0	0	0	0	GA101C	MLH1	VUS
AF-P40692-F1-model_v4_Repair_1	0	2.08639	-0.699225	-0.662158	-0.474872	-0.00434443	1.0633	-0.464674	1.37084	0.587088	1.50778	0	0	0	0.0170184	0.139569	-0.154359	0	0	0	0	0	0	GA532D	MLH1	VUS
AF-P40692-F1-model_v4_Repair_1	0	1.50042	-0.496411	1.84978	-1.17424	0.79151	0.439713	-2.27199	3.69149	-1.51244	0.101121	0	0	0	0.0802343	0.0656939	0.00164583	0	0	0	0	0	0	GA638V	MLH1	VUS
AF-P40692-F1-model_v4_Repair_1	0	4.78494	-0.233796	-0.237202	-1.55349	-0.00029818	1.54785	-1.88485	3.94586	1.051	2.07973	0	0	0	0.07014	0.695672	0	0	0	0	0	0	0	GA65C	MLH1	VUS
AF-P40692-F1-model_v4_Repair_1	0	4.82273	-0.516472	-0.6315	1.50857	0	0.801981	4.24769	-0.00117708	-0.431396	0	0	0	0	-0.15497	0.0778774	0	0	0	0	0	0	0	IA32S	MLH1	VUS
AF-P40692-F1-model_v4_Repair_1	0	3.33967	0	0.141262	1.42994	0.0217156	-0.634476	3.03115	-0.00259229	-0.647003	-2.87911e-05	0	0	0	-0.000292558	-0.199492	0	0	0	0	0	0	0	IA68S	MLH1	VUS
AF-P40692-F1-model_v4_Repair_1	0	8.74205	1.47429	0	1.35168	0	-0.463735	2.63554	3.27317	-0.753971	1.21936	0	0	0	0.00571538	0	0	0	0	0	0	0	0	LA294P	MLH1	VUS
AF-P40692-F1-model_v4_Repair_1	0	4.81653	1.19245	0	1.04517	0	-0.520815	2.08328	3.15399	-0.679448	-1.45778	0	0	0	-0.000320686	-2.53493	0	0	0	0	0	0	0	LA585P	MLH1	VUS
AF-P40692-F1-model_v4_Repair_1	0	1.2867	0.287342	1.43015	1.01482	0.10567	-1.38323	1.17209	0.00294607	-0.173362	-1.12735	0	0	0	-0.0423681	-0.33114	-7.10543e-15	0	0	0	0	0	0	NA248S	MLH1	VUS
AF-P40692-F1-model_v4_Repair_1	0	1.69342	0.626959	0.584354	1.00203	0.0147197	-1.27304	1.18779	-0.0302407	-0.298929	-0.251411	0	0	0	0.1312	-0.0753511	0	0	0	0	0	0	0	NA570S	MLH1	VUS
AF-P40692-F1-model_v4_Repair_1	0	4.87636	0.0164843	-7.16147e-05	-0.26891	0	2.07449	0.350128	1.00707	0.283733	1.09452	0	0	0	0.318919	-0.0390621	0	0	0	0	0	0	0	PA640T	MLH1	VUS
AF-P40692-F1-model_v4_Repair_1	0	1.58	-0.455846	-0.570988	0.433434	7.253e-05	-0.0803442	1.45167	0.0167546	0.289751	0.497314	0	0	0	-0.00181571	0.0324289	0	0	0	0	0	0	0	PA649S	MLH1	VUS
AF-P40692-F1-model_v4_Repair_1	0	3.31076	0.0980254	5.68434e-14	0.564166	0.00960201	0.291834	1.28826	-0.0255648	-0.237791	1.32384	0	0	0	0.010394	2.24353	0	0	0	0	0	-0.0120128	0	PA747S	MLH1	VUS
AF-P40692-F1-model_v4_Repair_1	0	1.73697	1.42215	0.822268	2.79453	-0.582855	-3.71622	3.04598	-0.531436	-1.47756	-0.146441	0	0	0	-0.0195013	-0.787375	0.126057	0	0	0	0	-7.10543e-15	0	RA265G	MLH1	VUS
AF-P40692-F1-model_v4_Repair_1	0	2.84002	1.52185	-0.300784	0.336311	0.406504	0.132974	0.24938	0.0100319	-1.00498	0.593945	0	0	0	0.752664	-0.222887	-0.0866671	0	0	0	0	0.228785	0	RA725H	MLH1	VUS
AF-P40692-F1-model_v4_Repair_1	0	4.54434	0.280142	0	1.73463	0	-0.692731	3.40897	-0.00859704	-0.426861	0.2508	0	0	0	-0.0020088	-0.493908	0	0	0	0	0	0	0	VA180G	MLH1	VUS
AF-P40692-F1-model_v4_Repair_1	0	3.75093	0.112996	0	-0.305849	0.167212	2.8275	0.288834	0.0298891	0.855815	-0.1064	0	0	0	0.000623584	-0.0604134	-0.119686	0	0	0	0	-4.44089e-15	0	VA326E	MLH1	VUS
AF-P40692-F1-model_v4_Repair_1	0	1.85489	-0.0114017	0	-0.404695	0	0.261274	-0.713953	0.976739	0.481624	-0.0186805	0	0	0	1.28398	0.185041	0	0	0	0	0	0	0	VA612I	MLH1	VUS
AF-P40692-F1-model_v4_Repair_1	0	3.42822	-0.195041	1.00924	1.20997	-0.267284	0.101186	2.37032	0.01	-1.24305	0.389529	0	0	0	0.0433575	-0.00295872	0	0	0	0	0	0	0	YA126N	MLH1	VUS
AF-P40692-F1-model_v4_Repair_1	0	2.2218	-0.0577107	-0.176039	1.28028	0.0273923	-1.27012	2.14619	-0.0137598	-0.151844	0.433972	0	0	0	0.00343466	-0.0920941	0	0	0	0	0	0	0	YA283C	MLH1	VUS
AF-P40692-F1-model_v4_Repair_1	0	4.8059	0.151293	1.11351	1.63498	-0.230551	0.624504	2.85273	-0.163307	-1.64421	0.44386	0	0	0	0.0201629	-0.127876	0.00292011	0	0	0	0	1.33227e-14	0	YA548D	MLH1	VUS
AF-P40692-F1-model_v4_Repair_1	0	3.21181	0.0437329	1.30566	1.6683	0.306187	-2.03112	2.62556	-0.022065	-0.954118	0.3192	0	0	0	-0.0641671	-0.11785	0.0146292	0	0	0	0	0	0	YA561C	MLH1	VUS
AF-P40692-F1-model_v4_Repair_1	0	5.84507	0.608049	0.559657	1.79958	-0.293827	0.854795	3.06591	-0.00905614	-0.4507	-0.250674	0	0	0	-0.00198901	0.00968245	-0.0366687	0	0	0	0	0	0	YA646D	MLH1	VUS
AF-P35670-F1-model_v4_Repair_1	0	3.63895	-0.514753	-0.498284	-0.736866	0	1.33884	-0.705081	3.92282	0.656831	0.058956	0	0	0	0.11648	0.089866	0	0	0	0	0	4.44089e-15	0	AA1195T	ATP7B	VUS
AF-P35670-F1-model_v4_Repair_1	0	6.40618	-0.0290714	0.00768277	-1.78438	0.105355	4.61836	-2.17098	3.35331	1.58731	-0.283021	0	0	0	0.808732	0.326549	0.19289	0	0	0	0	0	0	GA1061E	ATP7B	VUS
AF-P35670-F1-model_v4_Repair_1	0	2.80753	0	0	-0.182928	-0.000528665	0.444539	-0.0677623	1.35052	0.0477904	1.21011	0	0	0	0.00578912	0.293421	0	0	0	0	0	0	0	GA1347S	ATP7B	VUS
AF-P35670-F1-model_v4_Repair_1	0	3.84281	0	-1.23449	-0.59926	0.00793867	0.993389	-0.517628	1.89753	1.04716	2.24851	0	0	0	-0.000326316	0.181407	0	0	0	0	0	0	0	GA367S	ATP7B	VUS
AF-P35670-F1-model_v4_Repair_1	0	5.44878	-0.0266019	0	-0.693066	0.00998392	0.723867	-1.14839	4.78787	0.0941327	1.6568	0	0	0	0.0441839	0.19371	0	0	0	0	0	0	0	GA515A	ATP7B	VUS
AF-P35670-F1-model_v4_Repair_1	0	3.38434	0	0	-0.208143	0	0.855066	-0.279916	1.36117	0	1.6416	0	0	0	0.0145655	0.110879	0	0	0	0	0	0	0	GA626A	ATP7B	VUS
AF-P35670-F1-model_v4_Repair_1	0	3.40385	-0.0752528	0	-0.476772	-0.383949	1.08338	-0.501149	1.73569	0.524731	1.4972	0	0	0	-1.8686e-05	0.206491	0	0	0	0	0	0	0	GA869E	ATP7B	VUS
AF-P35670-F1-model_v4_Repair_1	0	3.58991	-0.0653785	0	-0.455551	0.219951	0.942996	-0.526367	1.72181	0.18827	1.4972	0	0	0	0.0669837	0.194254	1.77636e-14	0	0	0	0	0	0	GA869R	ATP7B	VUS
AF-P35670-F1-model_v4_Repair_1	0	3.07389	-0.551161	-0.625294	0.959533	-0.00703998	1.02328	2.76343	-0.00650879	-0.50155	0.0228	0	0	0	-0.00360118	0.0697527	0	0	0	0	0	0	0	IA161T	ATP7B	VUS
AF-P35670-F1-model_v4_Repair_1	0	1.82084	1.65603	1.62263	0.531463	0.107229	-1.46072	0.855539	-0.0237995	-1.9002	-0.460665	0	0	0	0.00372825	-0.270853	0.889611	0	0	0	0	0	0	KA838N	ATP7B	VUS
AF-P35670-F1-model_v4_Repair_1	0	3.79573	1.69119	1.42974	1.83069	0.199147	-2.43517	2.77003	-0.00531211	-0.67588	-1.07713	0	0	0	-0.0122982	-2.59998	0.0807345	0	0	0	0	0	0	LA1305P	ATP7B	VUS
AF-P35670-F1-model_v4_Repair_1	0	2.70879	1.25566	0.00708785	0.0388336	0	-0.533685	-0.168726	3.46174	-0.0845325	-1.2676	0	0	0	5.65716e-06	-2.35949	0	0	0	0	0	0	0	LA1368P	ATP7B	VUS
AF-P35670-F1-model_v4_Repair_1	0	2.56456	1.44482	1.48232	1.34519	0.41057	-2.06691	1.38754	-0.048192	-2.10279	0.713851	0	0	0	-0.00185961	-0.0748221	0	0	0	0	0	0	0	RA136G	ATP7B	VUS
AF-P35670-F1-model_v4_Repair_1	0	5.15616	0.564873	0.55161	0.628258	0.000285333	-1.12133	0.716793	3.20793	-0.49406	1.18385	0	0	0	-0.0804819	-0.668903	-0.0015726	0	0	0	0	0	0	TA1085P	ATP7B	VUS
AF-P35670-F1-model_v4_Repair_1	0	2.79504	1.56102	0.375871	0.254326	-1.10054e-05	-1.32971	-0.349633	3.86646	-0.204183	-1.37907	0	0	0	-1.89477e-05	-2.62223	0	0	0	0	0	0	0	TA974P	ATP7B	VUS
AF-P35670-F1-model_v4_Repair_1	0	2.17952	0.0411444	5.68434e-14	1.50727	0.0162889	-1.56299	2.58566	-0.0367022	-0.480993	0.112034	0	0	0	-0.00219449	-0.507096	7.10543e-15	0	0	0	0	0	0	VA374G	ATP7B	VUS
AF-P35670-F1-model_v4_Repair_1	0	4.11983	0.23653	0	2.23698	0	-1.5974	3.68357	7.10543e-15	-0.369122	-0.0533507	0	0	0	-0.0173756	-0.0485814	0	0	0	0	0	0	0	YA301C	ATP7B	VUS
AF-P01130-F1-model_v4_Repair_1	0	1.68823	0.00403366	-0.01564	-0.403442	0.124886	1.27531	-0.355582	0.00101658	0.818467	0.2356	0	0	0	0.00358031	0.0248985	0	0	0	0	0	0	0	AA606D	LDLR	VUS
AF-P01130-F1-model_v4_Repair_1	0	4.3573	-0.0565568	0.830414	-0.736805	-0.429977	0.981723	-1.02923	3.77504	0.887567	0.245828	0	0	0	-0.110703	0.262005	0	0	0	0	0	0	0	DA386E	LDLR	VUS
AF-P01130-F1-model_v4_Repair_1	0	1.77803	0	0	-0.0130313	0.0320099	0.0132732	-0.0219082	4.91696e-12	-0.0281931	1.7938	0	0	0	0.00208549	0	0	0	0	0	0	0	0	DA774N	LDLR	VUS
AF-P01130-F1-model_v4_Repair_1	0	3.47859	-0.0108026	0.0195059	-0.317929	0.0146947	0.567388	-0.150832	1.69023	0.222809	1.444	0	0	0	-0.000468494	0.187502	0	0	0	0	0	0	0	GA324S	LDLR	VUS
AF-P01130-F1-model_v4_Repair_1	0	2.12218	-0.0346927	0	-0.609121	-0.144792	0.729372	-0.775317	1.37092	0.253222	1.25907	0	0	0	0.073525	0.149416	0	0	0	0	0	0	0	GA71R	LDLR	VUS
AF-P01130-F1-model_v4_Repair_1	0	3.13356	-0.00547546	-9.31664e-11	-0.14168	0.0568742	-0.162847	0.156644	2.94881	-0.209304	0.509396	0	0	0	-0.0188589	-0.115466	0	0	0	0	0	0	0	IA542F	LDLR	VUS
AF-P01130-F1-model_v4_Repair_1	0	2.21251	5.68434e-14	-1.4684	-0.612904	-0.804161	1.63832	-0.316462	-0.00633472	2.09654	1.59976	0	0	0	0.0861503	0.042143	0	0	0	0	0	-2.53131e-14	0	PA162R	LDLR	VUS
AF-P01130-F1-model_v4_Repair_1	0	8.99723	-0.170696	0.141081	-1.00051	-0.0133347	1.92558	-1.40806	4.34931	0.611429	1.60298	0	0	0	2.95897	1.60299	0	0	0	0	0	0.000474451	0	PA526L	LDLR	VUS
AF-P01130-F1-model_v4_Repair_1	0	7.54444	-0.0233105	0.0661978	-0.264645	-0.00240016	2.3166	0.554745	2.35836	0.172264	1.84033	0	0	0	0.526296	1.43511	0	0	0	0	0	0	0	PA526T	LDLR	VUS
AF-P01130-F1-model_v4_Repair_1	0	8.9164	-0.588009	-0.932821	-0.954549	-0.0108866	2.8327	-0.0167728	5.4894	1.46933	1.60352	0	0	0	0.0244947	0.650802	0	0	0	0	0	0	0	PA608Q	LDLR	VUS
AF-P01130-F1-model_v4_Repair_1	0	11.2207	-0.592525	-0.563643	-0.999926	9.23706e-13	3.05987	-0.281904	5.14038	1.5694	0.852948	0	0	0	3.03605	0.600196	0	0	0	0	0	0	0	PA649Q	LDLR	VUS
AF-P01130-F1-model_v4_Repair_1	0	5.40933	0.905832	1.06209	-2.27322	0.00104453	1.39279	-4.14774	7.96418	0.700005	-0.182072	0	0	0	-0.0135889	0.479674	0	0	0	0	0	0	0	SA691W	LDLR	VUS
AF-P01130-F1-model_v4_Repair_1	0	9.09432	0.119764	0.0921416	-0.674226	0.000178508	-0.319488	-1.02028	10.6432	0.336846	-0.0858527	0	0	0	0.00198845	-0.0334334	0	0	0	0	0	0	0	VA578F	LDLR	VUS
AF-P01130-F1-model_v4_Repair_1	0	1.60288	0.0432111	-0.0222397	-0.284542	-1.41931e-12	-0.287755	-0.762824	2.6814	0.533908	-0.469906	0	0	0	0.171626	-0.0514582	0	0	0	0	0	0	0	VA578I	LDLR	VUS
AF-P01130-F1-model_v4_Repair_1	0	3.20384	0.578401	0.512521	2.18828	0.405398	-2.52711	3.18539	-0.180287	-0.236109	-0.536343	0	0	0	-0.00639135	-0.175272	0	0	0	0	0	-0.179905	0	WA165C	LDLR	VUS
AF-P01130-F1-model_v4_Repair_1	0	4.88215	0.371292	-6.25278e-13	2.40205	0.00476396	-1.38065	3.95672	-0.0042565	-0.442994	-0.0243988	0	0	0	-0.000374763	0	0	0	0	0	0	0	0	WA490C	LDLR	VUS
AF-P01130-F1-model_v4_Repair_1	0	2.52695	0.136683	0.136683	1.21238	0	-0.363002	2.06938	-0.0136462	-0.338249	-0.314761	0	0	0	0.00148804	-0.0805638	0	0	0	0	0	0	0	YA465N	LDLR	VUS
AF-P35498-F1-model_v4_Repair_1	0	3.64345	-0.400982	-0.234359	-1.01856	0.051426	0.586805	-2.12496	5.38361	0.4656	0.2204	0	0	0	0.424607	0.225418	0.0975357	0	0	0	0	0.192331	0	AA1015V	SCN1A	VUS
AF-P35498-F1-model_v4_Repair_1	0	2.09396	0.0876048	-0.0117308	0.610114	-0.000458068	-0.221641	1.24022	1.24726e-05	-0.0765626	0.4712	0	0	0	-0.00479362	-0.139269	0	0	0	0	0	0	0	AA175G	SCN1A	VUS
AF-P35498-F1-model_v4_Repair_1	0	1.94584	0.0166425	-0.217066	-0.259927	-0.00310467	0.880421	0.109452	1.28778	0.133602	0	0	0	0	0.000121304	0.11563	-0.000274496	0	0	0	0	-0.00180327	0	FA938Y	SCN1A	VUS
AF-P35498-F1-model_v4_Repair_1	0	6.60767	0.105795	0.419215	-0.470544	0.662045	2.03864	-0.359056	1.92306	0.184061	1.92267	0	0	0	0.239059	-0.0446439	-0.0572644	0	0	0	0	0	0	GA271D	SCN1A	VUS
AF-P35498-F1-model_v4_Repair_1	0	4.91707	0	0	-0.135635	0	0.306321	-0.106594	1.35838	0.00321675	2.67314	0	0	0	0.818239	0	0	0	0	0	0	0	0	GA302V	SCN1A	VUS
AF-P35498-F1-model_v4_Repair_1	0	6.3418	0.0791752	-1.53359	-2.0568	0.196352	3.2175	-2.08729	6.73298	1.91774	0.0932355	0	0	0	0.0531751	0.623883	-0.270677	0	0	0	0	0	0	GA337R	SCN1A	VUS
AF-P35498-F1-model_v4_Repair_1	0	2.2138	-0.0429756	0	-0.591309	-0.0784189	0.587287	-0.787143	1.35155	0.409285	1.29469	0	0	0	0.0708315	0.107724	0	0	0	0	0	0	0	GA348R	SCN1A	VUS
AF-P35498-F1-model_v4_Repair_1	0	1.69646	0	0	0.282599	0	0.230831	0.782074	0.704585	-0.318738	0	0	0	0	0.0151105	0	0	0	0	0	0	0	0	IA1106T	SCN1A	VUS
AF-P35498-F1-model_v4_Repair_1	0	1.63354	-0.723172	-0.6315	0.761251	0.242953	0.405592	1.9745	0.0461409	-0.53547	0.0228	0	0	0	0.0704458	0.200257	0	0	0	0	0	0	0	IA1547T	SCN1A	VUS
AF-P35498-F1-model_v4_Repair_1	0	1.95878	0.294094	-0.252056	0.687085	0	0.0137342	1.55536	-0.0118372	-0.352327	0.0228	0	0	0	0.00192687	-0.387325	0	0	0	0	0	0	0	IA1576T	SCN1A	VUS
AF-P35498-F1-model_v4_Repair_1	0	1.34098	-0.438481	-0.434033	0.665287	0.0429288	-0.306674	1.44949	-0.0347846	-0.220544	-0.0506327	0	0	0	0.665983	0.184586	0.0024419	0	0	0	0	0	0	IA747T	SCN1A	VUS
AF-P35498-F1-model_v4_Repair_1	0	4.16351	-0.0444098	0.0485117	-0.435775	0.095327	0.0802881	-0.267542	4.4994	-0.154639	0.341646	0	0	0	-0.00270062	0.16234	0.00339576	0	0	0	0	0	0	LA1717F	SCN1A	VUS
AF-P35498-F1-model_v4_Repair_1	0	2.9162	0	0	0.0873036	-0.0318387	0.0699536	0.206133	3.44197	-0.114349	-0.60855	0	0	-0.122131	-0.012288	0	0	0	0	0	0	0	0	LA479P	SCN1A	VUS
AF-P35498-F1-model_v4_Repair_1	0	5.30947	-0.0491015	0	-0.986439	-0.499033	3.50742	0.807185	0.155905	0.800796	0.25665	0	0	0	1.25319	-0.0211655	0.0628978	0	0	0	0	0	0	LA77R	SCN1A	VUS
AF-P35498-F1-model_v4_Repair_1	0	2.60942	-0.205214	-0.229647	0.392355	0.0948968	0.664506	1.32398	-0.0237531	0.271975	0.392735	0	0	0	-0.0559454	0.0272885	0	0	0	0	0	-0.0164625	0	PA1451S	SCN1A	VUS
AF-P35498-F1-model_v4_Repair_1	0	1.52644	-0.0153736	-1.263	0.0305243	0	0.98734	0.82206	0.0384501	0.17753	0.746406	0	0	0	0.00250046	0.0727946	0	0	0	0	0	0	0	PA9S	SCN1A	VUS
AF-P35498-F1-model_v4_Repair_1	0	3.97276	1.22616	2.91979	1.0565	3.40291	-2.72	-0.474367	0.0890739	-1.0303	-0.511411	0	0	0	-0.00212706	-0.127358	0.0165345	0	0	0	0	0	0	RA101L	SCN1A	VUS
AF-P35498-F1-model_v4_Repair_1	0	3.59023	0.822254	2.07786	1.65704	1.27641	-2.6338	1.16877	-0.0662664	-0.216283	-0.206385	0	0	0	0.0784118	-0.265773	-0.367781	0	0	0	0	0	0	RA377Q	SCN1A	VUS
AF-P35498-F1-model_v4_Repair_1	0	2.64505	0.62021	0.62021	0.166275	-0.131079	-0.234512	0.147068	2.79062	-0.702522	-0.62641	0	0	0.000143845	-0.00495181	0	0	0	0	0	0	0	0	RA535P	SCN1A	VUS
AF-P35498-F1-model_v4_Repair_1	0	1.84854	-0.928813	-0.969651	0.382935	-0.47706	2.0359	1.27393	0.0297517	-0.148808	-0.0101229	0	0	0	0.000893062	0.0161855	0	0	0	0	0	0.659582	0	YA65H	SCN1A	VUS
AF-P35498-F1-model_v4_Repair_1	0	2.55461	0.17649	-0.0118651	1.88313	0.0309904	-1.96456	2.87175	0.0353839	-0.378548	-0.0883018	0	0	0	0.00013439	-0.562791	0	0	0	0	0	0	0	YA916C	SCN1A	VUS
AF-P21802-F1-model_v4_Repair_1	0	2.42837	-0.123533	0	-0.887293	0	0.54372	-1.65467	4.27093	0.365456	-0.387164	0	0	0	0.30093	-1.8448e-07	0	0	0	0	0	0	0	AA498V	FGFR2	VUS
AF-P21802-F1-model_v4_Repair_1	0	2.35709	-0.0578211	1.7053e-13	-0.684701	0.0121458	1.42662	-0.689284	1.44167	0.519989	0.0308039	0	0	0	0.357669	-0.00062811	0	0	0	0	0	0	0	AA67T	FGFR2	VUS
AF-P21802-F1-model_v4_Repair_1	0	7.06381	1.12668	0.5004	-0.978586	-2.13163e-14	1.91071	-0.723619	4.37229	0.546493	0.309308	0	0	0	0.000129422	0.011099	0	0	0	0	0	0	0	GA183S	FGFR2	VUS
AF-P21802-F1-model_v4_Repair_1	0	2.45223	0.0129553	0	-0.0734188	0	0.217295	-0.00473262	1.35039	-0.00801314	0.957757	0	0	0	-3.57298e-06	0.0223963	0	0	0	0	0	0	0	GA298S	FGFR2	VUS
AF-P21802-F1-model_v4_Repair_1	0	6.34388	0.0409821	0	0.819313	0	-0.0501782	1.82212	2.19825	-0.608189	-0.278519	0	0	0	2.40009	0.0183687	0	0	0	0	0	0	0	LA357V	FGFR2	VUS
AF-P21802-F1-model_v4_Repair_1	0	5.52251	-0.0938213	-0.00171845	-0.338963	-0.109467	0.249235	-0.0350754	5.69322	-0.20933	0.3192	0	0	0	0.049229	0.0924783	0	0	0	0	0	0	0	LA692F	FGFR2	VUS
AF-P00451-F1-model_v4_Repair_1	0	5.6266	1.20965	-0.00485819	-0.360391	0	-0.210554	-1.03713	5.01375	0.262219	0.675949	0	0	0	0.0779584	0.000149014	0	0	0	0	0	0	0	AA219P	F8	VUS
AF-P00451-F1-model_v4_Repair_1	0	8.76759	-0.0261497	-1.87761	-2.44178	-1.06636	4.92694	-1.9714	5.66061	0.973388	0.0956687	0	0	0	0.976339	0.179568	0	0	3.51795	0	0	0	0	CA1851R	F8	VUS
AF-P00451-F1-model_v4_Repair_1	0	1.34294	0.116855	0.0313593	0.773963	-0.00670734	-0.257937	0.977447	0.165108	-0.470862	-0.00160626	0	0	0	0.0138846	-0.00166779	-6.07909e-06	0	0	0	0	0.00143728	0	FA1857V	F8	VUS
AF-P00451-F1-model_v4_Repair_1	0	19.471	-1.38831	-1.19025	-2.01274	-0.942522	4.48176	-2.4311	20.6031	1.38171	0.557837	0	0	0	0.318073	0.146306	0.0934448	0	0	0	0	0	0	GA469E	F8	VUS
AF-P00451-F1-model_v4_Repair_1	0	2.77184	0.0250537	0.0373	1.55377	0	-0.910123	3.07984	-0.0298977	-0.6071	-0.333208	0	0	0	-0.0191888	-0.255951	0	0	0	0	0	-0.0246186	0	IA331S	F8	VUS
AF-P00451-F1-model_v4_Repair_1	0	2.1	0.6975	1.857	0.311311	-0.00438489	-0.74892	-0.151808	0.157135	-0.425811	0.191803	0	0	0	0.216177	-0.00370673	0	0	0	0	0	0	0	NA2243T	F8	VUS
AF-P00451-F1-model_v4_Repair_1	0	2.83483	0.0544447	0	-0.0943318	0	1.27123	0.292457	0.00362647	0.184961	0.950687	0	0	0	0.171749	0.201247	0	0	0	0	0	0	0	PA149L	F8	VUS
AF-P00451-F1-model_v4_Repair_1	0	3.16786	-0.0261261	-1.01896	-1.075	-0.0670427	2.54527	-0.672601	0.076434	1.9212	1.45921	0	0	0	0.0254783	-0.0128673	0	0	0	0	0	0	0	PA1780Q	F8	VUS
AF-P00451-F1-model_v4_Repair_1	0	2.13754	0	0	-0.328375	0	0.279537	-0.533791	0.092357	0.151647	2.0062	0	0	0.261447	0.208515	0	0	0	0	0	0	0	0	TA1088I	F8	VUS
AF-P00451-F1-model_v4_Repair_1	0	1.53969	-0.432562	0.886441	-0.796916	-0.554436	1.72757	-1.19135	0.245269	1.07077	0.543791	0	0	0	0.0404314	6.38732e-05	0	0	0	0	0	0.000681531	0	TA154K	F8	VUS
AF-P00451-F1-model_v4_Repair_1	0	3.4514	-0.16393	2.28858	-0.355056	5.68434e-14	1.19267	0.124179	0.0335821	0.185616	0.160281	0	0	0	-0.00357269	-0.000513808	0	0	0	0	0	-0.01095	0	TA174N	F8	VUS
AF-P00451-F1-model_v4_Repair_1	0	1.38766	0.0409852	0.00014627	0.671563	0.00210733	-0.359521	1.40341	-0.267521	-0.0133814	-0.0515816	0	0	0	-0.0385453	-0.0450574	0	0	0	0	0	0	0	TA676S	F8	VUS
AF-P00451-F1-model_v4_Repair_1	0	5.957	0.0597933	0	2.82158	0	-1.56275	4.90325	-0.0463814	-0.246146	0.0380278	0	0	0	-0.0103698	-0.0317637	0	0	0	0	0	0	0	WA157C	F8	VUS
AF-P00451-F1-model_v4_Repair_1	0	2.77685	-0.280359	-0.499214	1.58442	0.251814	-0.813844	2.58366	0.191373	-0.22358	-0.0164506	0	0	0	-0.000974619	-0.249736	0	0	0	0	0	0	0	YA450N	F8	VUS
AF-P55017-F1-model_v4_Repair_1	0	1.03134	-0.405979	-0.397105	-0.843482	0	1.15038	-0.995306	1.76047	0.542888	0.2204	0	0	0	-0.00091969	0.211145	0	0	0	0	0	0	0	AA226T	SLC12A3	VUS
AF-P55017-F1-model_v4_Repair_1	0	2.19983	-0.703479	-0.670246	-0.661106	6.11067e-13	1.09627	-0.663805	2.96783	0.493284	0.2204	0	0	0	0.114968	0.0900652	-7.10543e-15	0	0	0	0	0.00570964	0	AA469T	SLC12A3	VUS
AF-P55017-F1-model_v4_Repair_1	0	3.21532	0.557675	3.89774	-0.187705	0.0969088	-0.703743	-0.15958	-1.5461	0.163417	-0.0121228	0	0	0	0.00209169	0.0997091	1.10674	0	0	0	0	0	0	DA839N	SLC12A3	VUS
AF-P55017-F1-model_v4_Repair_1	0	1.36686	0.0764632	0.0490728	0.897705	-0.0183864	-0.486858	0.933947	0.016337	0.209304	-0.34608	0	0	0	0.0325786	-0.184195	0.0027803	0	0	0	0	0	0	FA347L	SLC12A3	VUS
AF-P55017-F1-model_v4_Repair_1	0	1.54877	-0.397735	0.0697615	0.802771	-0.0183197	-0.538999	0.85973	0.012095	0.306534	0.0170607	0	0	0	0.429236	-0.381367	0.00663476	0	0	0	0	0	0	FA348L	SLC12A3	VUS
AF-P55017-F1-model_v4_Repair_1	0	2.52566	0.497558	0.558528	-0.873442	0.070137	0.431961	-1.60678	1.11259	0.424917	1.99374	0	0	0	0.0466648	0.185066	-0.130215	0	0	0	0	0	0	GA731R	SLC12A3	VUS
AF-P55017-F1-model_v4_Repair_1	0	1.43395	-0.0432206	-0.164687	1.00011	0.220703	-0.734325	2.05659	-0.00657722	-0.411594	-0.536683	0	0	0	0.0536372	-0.414385	3.55271e-15	0	0	0	0	0	0	IA360T	SLC12A3	VUS
AF-P55017-F1-model_v4_Repair_1	0	3.2753	-0.286823	-0.422651	0.951656	0.000794775	0.599396	2.40932	0.341268	-0.412733	0.0335165	0	0	0	0.0656348	0.129631	8.17124e-14	0	0	0	0	-0.00408111	0	IA758T	SLC12A3	VUS
AF-P55017-F1-model_v4_Repair_1	0	2.41663	0.788852	-0.780047	1.18655	0.365729	-0.456892	2.28446	-0.0351789	-0.555	-0.442148	0	0	0	0.0372277	0.25715	0.0287755	0	0	0	0	-0.00569167	0	IA979T	SLC12A3	VUS
AF-P55017-F1-model_v4_Repair_1	0	1.30748	-0.00832727	0.0368497	0.37134	0.000529557	-0.0793213	0.76781	0.326781	-0.217752	0.0988	0	0	0	0.0107684	-0.0367424	0	0	0	0	0	0	0	LA466V	SLC12A3	VUS
AF-P55017-F1-model_v4_Repair_1	0	4.17918	-0.661493	-0.6315	1.47683	0	0.456992	3.1466	1.13099	-0.809148	-0.0705266	0	0	0	0.154924	-0.154624	0	0	0	0	0	-0.0144922	0	MA233T	SLC12A3	VUS
AF-P55017-F1-model_v4_Repair_1	0	14.1549	0.106736	0.103721	-1.93903	0.0458896	5.13035	-0.748684	7.17162	1.60214	1.17611	0	0	0	1.52312	0.100047	-0.0170591	0	0	0	0	0	0	PA735R	SLC12A3	VUS
AF-P55017-F1-model_v4_Repair_1	0	1.67594	-0.0529883	3.02562	-0.351074	0.577816	0.468624	-0.633936	0.050802	-1.74184	0.266	0	0	0	-0.00163892	-0.0466756	-7.46489e-05	0	0	0	0	0.068629	0	RA919H	SLC12A3	VUS
AF-P55017-F1-model_v4_Repair_1	0	2.34767	-0.0530511	0.255402	-0.907721	-0.0115861	-0.0610444	-1.83159	1.35281	0.785934	0.0836	0	0	0	2.73491	0.100977	0	0	0	0	0	0	0	TA163M	SLC12A3	VUS
AF-P55017-F1-model_v4_Repair_1	0	2.5943	0.292469	0.292469	-0.24126	0	0.308452	-0.402244	0.129253	-0.162074	2.0388	0	0	0.0200735	0.318364	0	0	0	0	0	0	0	0	TA6I	SLC12A3	VUS
AF-P55017-F1-model_v4_Repair_1	0	6.50431	0.0192777	1.83978	0.209509	-0.490762	2.51691	1.76418	-0.0174149	0.884134	-0.29479	0	0	0	0.120322	0.0432808	-0.0468413	0	0	0	0	0	0	WA746R	SLC12A3	VUS
AF-P43246-F1-model_v4_Repair_1	0	4.07212	-0.5785	-0.539481	-0.854303	0.00293505	1.53339	-0.846057	4.33316	0.52062	0.249185	0	0	0	0.251166	0.17611	0	0	0	0	0	0	0	AA266T	MSH2	VUS
AF-P43246-F1-model_v4_Repair_1	0	5.01464	-0.112337	-0.0237237	-1.08381	0.0033485	0.779524	-1.93932	6.62803	0.489636	0.2204	0	0	0	0.0529006	0.313188	0	0	0	0	0	0	0	AA600V	MSH2	VUS
AF-P43246-F1-model_v4_Repair_1	0	6.79392	-0.0562289	-0.0294818	-0.786854	-0.00894882	0.328574	-1.61105	8.09239	0.463159	0.219676	0	0	0	0.182679	0.0379407	-1.27898e-13	0	0	0	0	0	0	AA609V	MSH2	VUS
AF-P43246-F1-model_v4_Repair_1	0	12.7612	-0.154191	-0.00819657	-1.36981	-0.280339	0.864228	-2.37903	15.0745	-0.145958	-0.1672	0	0	0	1.32718	0.502167	3.55271e-15	0	0	0	0	0	0	CA333F	MSH2	VUS
AF-P43246-F1-model_v4_Repair_1	0	6.2612	0.0794291	-1.26602	2.30928	-0.122317	0.20466	4.48169	-0.224661	-0.327688	-0.0608	0	0	0	1.20099	0	0	0	0	0	0	-0.013368	0	FA37S	MSH2	VUS
AF-P43246-F1-model_v4_Repair_1	0	47.907	-0.134132	-0.0652878	-2.41262	6.39488e-14	2.0597	-3.73227	49.353	0.849083	-0.627828	0	0	0	2.61738	0.000242182	-4.9738e-14	0	0	0	0	0	0	GA164W	MSH2	VUS
AF-P43246-F1-model_v4_Repair_1	0	3.79081	-0.00995274	-0.00995274	-0.748155	0.132904	1.20018	-1.05798	1.47948	0.593151	2.20198	0	0	0	0.0723169	0.0169847	-0.0631666	0	0	0	0	0	0	GA204E	MSH2	VUS
AF-P43246-F1-model_v4_Repair_1	0	17.2473	-0.0401397	-1.59104	-1.73777	-0.154483	4.40673	-2.05599	16.6174	0.577447	0.991015	0	0	0	0.412416	0.23628	-0.191023	0	0	0	0	0.0127729	0	GA669D	MSH2	VUS
AF-P43246-F1-model_v4_Repair_1	0	4.18436	-1.72671	-1.77439	-0.102657	0.0327579	3.1409	0.837485	2.09306	0.915956	0.0251541	0	0	0	0.804382	-0.170808	-0.0615761	0	0	0	0	0	0	IA356K	MSH2	VUS
AF-P43246-F1-model_v4_Repair_1	0	5.89964	-0.205744	-0.0644529	-0.65726	-0.484254	1.23009	-0.193904	6.14685	-0.141691	0.252857	0	0	0	0.0171483	0.247406	0	0	0	0	0	0	0	IA735F	MSH2	VUS
AF-P43246-F1-model_v4_Repair_1	0	4.27199	0.0649451	-5.68434e-14	0.0767173	0	1.57336	1.50561	-0.000575861	0.76456	0.275441	0	0	0	0.011932	-0.023326	0	0	0	0	0	0	0	LA173Q	MSH2	VUS
AF-P43246-F1-model_v4_Repair_1	0	4.32815	-0.0645556	0	0.622782	0	0.0500598	1.40902	1.51147	-0.625178	0.0719677	0	0	0	1.35259	0.164546	0	0	0	0	0	0	0	LA213V	MSH2	VUS
AF-P43246-F1-model_v4_Repair_1	0	7.30623	1.25334	0	1.24666	0	-0.660823	2.53967	4.16365	-0.706373	-0.529757	0	0	0	-0.000134583	-2.31539	0	0	0	0	0	0	0	LA312P	MSH2	VUS
AF-P43246-F1-model_v4_Repair_1	0	4.85806	-0.950598	-2.26164	-0.956338	0.987291	3.64551	0.992168	2.16152	0.911254	0.155662	0	0	0	0.135788	0.399318	0.0374387	0	0	0	0	0	0	LA407R	MSH2	VUS
AF-P43246-F1-model_v4_Repair_1	0	9.07145	0.0210215	0	1.30148	0	-1.0014	2.70723	8.18346	-0.767575	-1.37824	0	0	0	0.00547588	-1.66642	0	0	0	0	0	0	0	LA414P	MSH2	VUS
AF-P43246-F1-model_v4_Repair_1	0	6.88473	1.26661	0	1.24204	1.42109e-14	-0.441029	2.56739	4.24735	-0.731964	-1.22352	0	0	0	-0.0421473	-2.60113	-7.10543e-15	0	0	0	0	4.44089e-16	0	LA421P	MSH2	VUS
AF-P43246-F1-model_v4_Repair_1	0	5.09529	1.38456	0.0575576	1.03217	3.55271e-14	-0.910588	1.64888	1.68275	-0.766219	0.984316	0	0	0	-0.00467854	0.0486142	7.10543e-15	0	0	0	0	-0.013455	0	LA800P	MSH2	VUS
AF-P43246-F1-model_v4_Repair_1	0	5.94567	1.37915	0	1.14744	0	-0.496911	2.26103	3.90463	-0.970219	-1.27824	0	0	0	-0.00121644	-2.33087	0	0	0	0	0	0	0	LA911P	MSH2	VUS
AF-P43246-F1-model_v4_Repair_1	0	14.1154	-0.04735	-0.0173525	-1.74268	-0.155158	5.73396	-0.506505	8.13417	1.53193	1.67726	0	0	0	0.191342	0.385665	-0.684259	0	0	0	0	0	0	PA349R	MSH2	VUS
AF-P43246-F1-model_v4_Repair_1	0	4.56348	1.00989	1.00592	0.260245	0.34843	2.05358	0.229537	0.0448476	-0.336009	-0.594741	0	0	0	0.0402897	-0.033937	0.501489	0	0	0	0	0	0	QA690E	MSH2	VUS
AF-P43246-F1-model_v4_Repair_1	0	4.87993	1.46208	1.625	3.142	1.62117	-4.33894	3.4264	-0.0377354	-2.00637	-0.128147	0	0	0	-0.00686885	-0.00015481	0.12135	0	0	0	0	0	0	RA35G	MSH2	VUS
AF-P43246-F1-model_v4_Repair_1	0	4.01362	0.267543	0	1.72141	0	-0.957737	3.06524	-0.0161116	-0.436769	0.377542	0	0	0	-0.00749299	-0.813814	0	0	0	0	0	0	0	VA57G	MSH2	VUS
AF-P43246-F1-model_v4_Repair_1	0	3.70693	-0.361586	1.3711	1.56675	0.754079	-2.03658	2.27368	0.00649659	-0.103139	0.247127	0	0	0	0.00119591	-0.191488	-0.0121954	0	0	0	0	0	0	YA43C	MSH2	VUS
AF-O15118-F1-model_v4_Repair_1	0	6.98496	1.22501	0.168035	-2.52132	-0.889818	5.12606	-2.52196	2.9293	1.60391	-0.0268044	0	0	0	1.47964	0.627439	0.412911	0	0	0	0	0	0	GA149R	NPC1	VUS
AF-O15118-F1-model_v4_Repair_1	0	2.25632	0	0	-0.126821	0.00669805	0.279949	-0.132973	1.35149	0.0106624	0.911121	0	0	0	2.54904e-05	0	-0.0438385	0	0	0	0	0	0	GA717E	NPC1	VUS
AF-O15118-F1-model_v4_Repair_1	0	5.31625	0.074777	-2.94774	-3.11107	0.622247	4.43829	-3.46417	7.71083	1.72045	-0.1976	0	0	0	0.335964	0.375248	0.134274	0	0	0	0	1.33227e-15	0	GA749R	NPC1	VUS
AF-O15118-F1-model_v4_Repair_1	0	2.19336	0.134283	0	1.05679	0	-0.302429	2.16372	-0.139613	-0.466756	-0.2204	0	0	0	-0.0322295	-0.181573	0	0	0	0	0	0	0	VA699A	NPC1	VUS
